value 51 and series are 0 1 2 4 7 13 24
value 52 and series are 0 1 2 4 7 13 25
value 53 and series are 0 1 2 4 7 13 26|0 1 2 4 7 14 25
value 54 and series are 27 0 1 2 4 7 13|0 1 2 4 7 14 26
value 55 and series are 27 0 1 2 4 7 14|28 0 1 2 4 7 13|0 1 2 4 7 15 26|0 1 2 4 8 14 26
value 56 and series are 27 0 1 2 4 7 15|27 0 1 2 4 8 14|28 0 1 2 4 7 14|29 0 1 2 4 7 13|0 2 3 4 8 14 25
value 57 and series are 27 0 1 2 4 7 16|27 0 1 2 4 8 15|28 0 1 2 4 7 15|28 0 1 2 4 8 14|29 0 1 2 4 7 14|30 0 1 2 4 7 13|0 2 3 4 8 14 26
value 58 and series are 27 0 2 3 4 8 14|28 0 1 2 4 7 16|28 0 1 2 4 8 15|29 0 1 2 4 7 15|29 0 1 2 4 8 14|30 0 1 2 4 7 14|0 1 2 7 10 13 25|0 2 3 4 8 15 26|1 2 3 5 8 14 25
value 59 and series are 27 0 2 3 4 8 15|28 0 1 2 4 7 17|28 0 1 2 4 8 16|28 0 1 2 4 9 15|28 0 1 2 5 8 15|28 0 2 3 4 8 14|29 0 1 2 4 7 16|29 0 1 2 4 8 15|30 0 1 2 4 7 15|30 0 1 2 4 8 14|0 1 2 7 10 13 26|0 2 4 5 8 14 26|1 2 3 5 8 14 26
value 60 and series are 27 0 1 3 5 9 15|27 0 2 3 4 8 16|27 0 2 3 4 9 15|27 0 2 4 5 8 14|27 1 2 3 5 8 14|28 0 2 3 4 8 15|29 0 1 2 4 7 17|29 0 1 2 4 8 16|29 0 1 2 4 9 15|29 0 1 2 5 8 15|29 0 2 3 4 8 14|30 0 1 2 4 7 16|30 0 1 2 4 8 15|0 3 5 6 7 14 25|1 2 3 5 8 15 26
